
******************************
2019-08-14 09:24:04

******************************
2019-09-08 10:20:23
下注1次,选择双色球玩法,模拟彩票如下:
[6, 8, 18, 21, 26, 33, '6']
******************************
******************************
2019-09-08 10:21:40
下注1次,选择双色球玩法,模拟彩票如下:
[6, 8, 11, 15, 18, 25, '6']
******************************
******************************
2019-09-08 10:21:47
下注1次,选择双色球玩法,模拟彩票如下:
[13, 16, 25, 27, 31, 33, '11']
******************************
******************************
2019-09-08 10:21:54
下注1次,选择双色球玩法,模拟彩票如下:
[1, 13, 14, 25, 27, 32, '2']
******************************
******************************
2019-09-08 10:22:02
下注1次,选择双色球玩法,模拟彩票如下:
[1, 13, 15, 26, 28, 30, '5']
******************************
******************************
2019-09-08 10:22:28
下注1次,选择双色球玩法,模拟彩票如下:
[18, 26, 28, 29, 32, 33, '15']
******************************
******************************
2019-09-08 10:27:44
下注100次,选择双色球玩法,模拟彩票如下:
[3, 4, 10, 11, 16, 18, '4']
[3, 4, 10, 20, 27, 29, '12']
[5, 18, 19, 24, 25, 29, '10']
[2, 8, 10, 12, 22, 26, '6']
[1, 2, 10, 17, 19, 21, '5']
[8, 17, 19, 21, 24, 25, '5']
[9, 15, 21, 24, 25, 31, '2']
[5, 10, 15, 17, 18, 30, '9']
[6, 16, 19, 22, 23, 31, '1']
[2, 3, 5, 7, 20, 32, '1']
[14, 15, 16, 27, 31, 33, '9']
[3, 10, 14, 17, 23, 26, '6']
[11, 12, 17, 23, 27, 33, '10']
[7, 8, 11, 14, 16, 30, '14']
[5, 10, 16, 21, 23, 32, '6']
[1, 5, 10, 12, 13, 19, '10']
[1, 17, 24, 26, 27, 29, '16']
[19, 22, 28, 30, 31, 33, '4']
[5, 8, 12, 15, 16, 19, '6']
[9, 11, 14, 26, 27, 32, '4']
[3, 11, 25, 30, 32, 33, '13']
[22, 26, 29, 30, 31, 33, '8']
[8, 10, 13, 16, 19, 31, '3']
[12, 13, 16, 21, 22, 23, '13']
[2, 3, 12, 18, 20, 28, '8']
[8, 11, 15, 17, 20, 32, '3']
[4, 8, 16, 20, 26, 29, '11']
[2, 3, 10, 20, 21, 31, '6']
[2, 9, 11, 15, 18, 20, '12']
[1, 4, 18, 19, 22, 25, '2']
[3, 14, 25, 29, 32, 33, '6']
[3, 14, 21, 22, 26, 29, '3']
[2, 5, 12, 16, 17, 31, '16']
[3, 11, 21, 23, 26, 28, '16']
[1, 15, 16, 25, 26, 28, '1']
[15, 20, 29, 30, 32, 33, '6']
[5, 14, 17, 24, 29, 32, '13']
[1, 2, 6, 9, 26, 29, '8']
[7, 9, 12, 24, 26, 29, '15']
[1, 3, 11, 16, 18, 31, '7']
[2, 3, 4, 7, 8, 13, '4']
[1, 5, 10, 14, 19, 27, '12']
[2, 4, 5, 15, 27, 30, '2']
[5, 6, 17, 18, 25, 32, '12']
[8, 11, 15, 24, 25, 30, '11']
[1, 7, 8, 15, 17, 28, '14']
[7, 8, 9, 10, 20, 25, '3']
[10, 24, 27, 28, 29, 31, '12']
[4, 16, 17, 21, 25, 32, '6']
[15, 16, 17, 22, 23, 29, '12']
[4, 15, 17, 22, 30, 32, '2']
[3, 20, 24, 26, 29, 30, '5']
[2, 7, 16, 23, 24, 27, '15']
[9, 14, 18, 21, 27, 32, '11']
[4, 7, 13, 17, 19, 31, '5']
[4, 5, 21, 29, 30, 31, '5']
[1, 10, 20, 22, 30, 33, '3']
[3, 11, 12, 22, 25, 32, '1']
[1, 11, 22, 26, 27, 32, '13']
[10, 14, 20, 23, 30, 33, '15']
[2, 14, 18, 19, 27, 29, '4']
[1, 5, 11, 14, 19, 20, '7']
[10, 14, 21, 27, 29, 33, '13']
[6, 7, 16, 23, 25, 26, '8']
[3, 9, 13, 25, 30, 32, '4']
[2, 3, 9, 18, 20, 29, '13']
[10, 18, 19, 20, 21, 33, '15']
[4, 6, 10, 18, 20, 31, '8']
[10, 12, 13, 18, 24, 31, '15']
[1, 4, 9, 14, 25, 33, '16']
[12, 13, 17, 19, 27, 30, '12']
[4, 12, 23, 28, 32, 33, '6']
[5, 9, 11, 19, 20, 26, '15']
[2, 7, 8, 17, 19, 32, '14']
[2, 12, 13, 20, 24, 28, '13']
[9, 14, 16, 22, 24, 26, '11']
[3, 15, 21, 24, 29, 33, '7']
[4, 7, 8, 20, 23, 31, '13']
[4, 7, 16, 17, 20, 31, '1']
[8, 10, 20, 21, 24, 29, '5']
[1, 6, 20, 28, 30, 32, '10']
[8, 14, 15, 17, 30, 32, '7']
[3, 12, 23, 25, 29, 30, '11']
[11, 17, 20, 21, 24, 27, '4']
[8, 16, 18, 21, 29, 31, '10']
[2, 13, 18, 22, 25, 32, '13']
[2, 5, 16, 28, 32, 33, '13']
[6, 9, 10, 18, 21, 30, '9']
[5, 23, 25, 26, 31, 33, '1']
[1, 4, 13, 20, 29, 31, '16']
[4, 5, 10, 11, 22, 23, '14']
[1, 2, 4, 10, 14, 26, '8']
[3, 6, 7, 10, 12, 31, '9']
[6, 11, 12, 15, 22, 30, '13']
[8, 13, 16, 19, 25, 29, '7']
[2, 12, 19, 23, 24, 32, '7']
[3, 7, 13, 19, 22, 26, '14']
[4, 9, 14, 17, 22, 30, '6']
[8, 15, 16, 18, 28, 33, '6']
[9, 15, 16, 22, 28, 31, '10']
******************************
******************************
2019-09-16 17:02:58
下注5次,选择双色球玩法,模拟彩票如下:
[7, 10, 15, 20, 25, 30, '14']
[7, 8, 15, 22, 24, 30, '14']
[3, 20, 21, 25, 27, 31, '16']
[3, 9, 10, 12, 25, 27, '4']
[15, 18, 20, 26, 28, 30, '15']
******************************
******************************
2019-09-16 17:06:49
下注5次,选择双色球玩法,模拟彩票如下:
[2, 22, 24, 25, 26, 29, '6']
[7, 15, 22, 23, 25, 32, '9']
[1, 17, 23, 28, 31, 33, '12']
[2, 3, 12, 14, 17, 22, '5']
[16, 17, 21, 23, 26, 28, '13']
******************************
